50 120
100 180
535 1769 47 381

Coordinates
1        -10.5         32.5            0
2      -9.8576       28.732      -1.9772
3      -11.142       28.732      -1.9772
4      -12.182       28.732       -1.222
5      -8.8181       28.732       -1.222
6      -8.4211       28.732   2.6306e-16
7      -12.182       28.732        1.222
8      -8.8181       28.732        1.222
9      -9.8576       28.732       1.9772
10      -11.142       28.732       1.9772
11      -12.579       28.732   9.2071e-16
12      -10.901       26.361      0.12654
13      -13.652       25.439      -2.2898
14      -11.704       25.439       -3.705
15      -9.2962       25.439       -3.705
16      -7.3483       25.439      -2.2898
17      -6.6043       25.439   4.9294e-16
18      -9.2962       25.439        3.705
19      -14.396       25.439   1.7253e-15
20      -11.704       25.439        3.705
21      -7.3483       25.439       2.2898
22      -13.652       25.439       2.2898
23      -10.055       23.057      -1.5778
24      -11.787       23.057       1.0151
25      -14.959        22.51      -3.2396
26      -12.203        22.51      -5.2418
27      -8.7968        22.51      -5.2418
28      -4.9884        22.51   6.9741e-16
29      -6.0411        22.51      -3.2396
30      -8.7968        22.51       5.2418
31      -12.203        22.51       5.2418
32      -16.012        22.51   2.4409e-15
33      -6.0411        22.51       3.2396
34      -14.959        22.51       3.2396
35      -12.098       19.406      -3.7686
36      -7.4096       19.406       -2.684
37      -9.5774       19.406      -3.9879
38      -14.008       19.406      -2.1098
39      -6.9924       19.406       2.1098
40      -6.4222       19.406     -0.35488
41      -9.5774       19.406       3.9879
42      -12.098       19.406       3.7686
43      -14.008       19.406       2.1098
44      -12.669       19.777      -6.6756
45        -10.5       19.777      -7.0192
46       -8.331       19.777      -6.6756
47      -14.626       19.777      -5.6786
48      -16.179       19.777      -4.1258
49      -4.8214       19.777      -4.1258
50      -6.3742       19.777      -5.6786
51      -17.176       19.777       -2.169
52      -17.176       19.777        2.169
53      -3.4808       19.777   8.8818e-16
54      -3.8244       19.777       -2.169
55      -3.8244       19.777        2.169
56        -10.5       19.777       7.0192
57      -16.179       19.777       4.1258
58      -4.8214       19.777       4.1258
59      -17.519       19.777   3.1086e-15
60       -8.331       19.777       6.6756
61      -6.3742       19.777       5.6786
62      -14.626       19.777       5.6786
63      -12.669       19.777       6.6756
64      -10.211       15.224      -1.5042
65       -8.331        16.13      -6.6756
66      -3.4808        16.13   8.8818e-16
67      -16.179        16.13      -4.1258
68      -4.8214        16.13       4.1258
69      -4.8214        16.13      -4.1258
70      -12.669        16.13      -6.6756
71      -12.669        16.13       6.6756
72       -8.331        16.13       6.6756
73      -17.519        16.13   3.1086e-15
74      -16.179        16.13       4.1258
75      -7.6319       14.095      -2.7052
76      -13.959       14.095       1.8918
77       -8.331       11.323      -6.6756
78      -4.8214       11.323       4.1258
79      -4.8214       11.323      -4.1258
80      -12.669       11.323      -6.6756
81      -3.4808       11.323   8.8818e-16
82      -16.179       11.323      -4.1258
83       -8.331       11.323       6.6756
84      -17.519       11.323   3.1086e-15
85      -12.669       11.323       6.6756
86      -16.179       11.323       4.1258
87      -9.4979       7.3042      -0.9167
88      -4.8214        4.862      -4.1258
89      -12.669        4.862      -6.6756
90      -16.179        4.862      -4.1258
91       -8.331        4.862      -6.6756
92      -3.4808        4.862   8.8818e-16
93      -17.519        4.862   3.1086e-15
94      -16.179        4.862       4.1258
95       -8.331        4.862       6.6756
96      -4.8214        4.862       4.1258
97      -12.669        4.862       6.6756
98      -8.3045     -0.45517      0.29924
99      -12.669      -3.4821       6.6756
100      -12.669      -3.4821      -6.6756
101       -8.331      -3.4821       6.6756
102       -8.331      -3.4821      -6.6756
103      -3.4808      -3.4821   8.8818e-16
104      -16.179      -3.4821      -4.1258
105      -4.8214      -3.4821      -4.1258
106      -4.8214      -3.4821       4.1258
107      -17.519      -3.4821   3.1086e-15
108      -16.179      -3.4821       4.1258
109      -9.5108      -6.1521      0.81564
110      -3.4808      -10.167   8.8818e-16
111      -16.179      -10.167      -4.1258
112      -12.669      -10.167       6.6756
113      -12.669      -10.167      -6.6756
114       -8.331      -10.167      -6.6756
115       -8.331      -10.167       6.6756
116      -4.8214      -10.167      -4.1258
117      -17.519      -10.167   3.1086e-15
118      -4.8214      -10.167       4.1258
119      -16.179      -10.167       4.1258
120      -13.938      -12.137       1.6166
121        -7.92       -13.18        2.321
122      -12.706      -13.942      -2.2907
123      -7.0004      -15.061      -3.0219
124      -4.8214      -14.825       4.1258
125       -8.331      -14.825      -6.6756
126      -12.669      -14.825      -6.6756
127       -8.331      -14.825       6.6756
128      -12.669      -14.825       6.6756
129      -16.179      -14.825      -4.1258
130      -3.4808      -14.825   8.8818e-16
131      -16.179      -14.825       4.1258
132      -17.519      -14.825   3.1086e-15
133      -4.8214      -14.825      -4.1258
134      -10.768       -15.84       -3.532
135      -11.398      -16.112       2.6438
136      -9.0366      -16.334       4.4392
137      -14.293      -16.334       2.7312
138      -6.7303      -16.334       2.7635
139      -5.8259      -16.334     0.019953
140      -14.843      -16.414  -7.6844e-15
141      -14.321       -17.27      -3.1136
142      -8.3172      -17.549       0.2033
143        -10.5       -17.22       7.0192
144      -6.3742       -17.22      -5.6786
145      -6.3742       -17.22       5.6786
146      -14.626       -17.22      -5.6786
147      -3.8244       -17.22       -2.169
148      -17.176       -17.22       -2.169
149      -14.626       -17.22       5.6786
150        -10.5       -17.22      -7.0192
151      -3.8244       -17.22        2.169
152      -17.176       -17.22        2.169
153      -10.309      -17.603      -4.6289
154      -10.691      -17.603       4.6289
155      -6.1568      -17.603       1.6124
156      -7.3116      -18.104      -1.6302
157      -8.0468      -17.969       -4.877
158      -12.906      -17.987       4.9429
159      -12.759      -18.018      -5.5027
160      -13.718      -18.287       1.6679
161      -16.179      -17.953       4.1258
162       -8.331      -17.953       6.6756
163      -4.8214      -17.953       4.1258
164      -17.519      -17.953   3.1086e-15
165       -8.331      -17.953      -6.6756
166      -12.669      -17.953      -6.6756
167      -12.669      -17.953       6.6756
168      -3.4808      -17.953   8.8818e-16
169      -4.8214      -17.953      -4.1258
170      -16.179      -17.953      -4.1258
171      -15.064      -18.636       4.1193
172      -5.1719      -18.636       3.0677
173      -16.095      -18.796      0.57472
174      -5.8743      -18.838      -4.1735
175      -15.881      -18.841      -3.2265
176      -11.995      -18.886      -5.8381
177      -11.995      -18.886       5.8381
178      -4.4855      -18.886     -0.38181
179      -9.0045      -18.886       5.8381
180      -9.0045      -18.886      -5.8381
181      -15.141      -18.886      -3.8441
182      -10.771      -19.193        3.307
183      -15.014       -18.86      -5.2904
184      -16.926       -18.86       2.6582
185      -9.9577       -18.86       6.9333
186      -17.262       -18.86       1.6268
187      -6.8634       -18.86       5.9279
188      -15.014       -18.86       5.2904
189      -3.7385       -18.86       1.6268
190      -3.7385       -18.86      -1.6268
191      -4.0736       -18.86      -2.6582
192      -4.0736       -18.86       2.6582
193      -16.926       -18.86      -2.6582
194      -17.262       -18.86      -1.6268
195      -11.042       -18.86       6.9333
196      -9.9577       -18.86      -6.9333
197      -11.042       -18.86      -6.9333
198      -14.137       -18.86       5.9279
199      -6.8634       -18.86      -5.9279
200       -5.986       -18.86      -5.2904
201       -5.986       -18.86       5.2904
202      -14.137       -18.86      -5.9279
203      -12.004      -19.191      -3.6932
204       -8.996      -19.191       3.6932
205      -8.3718      -19.298      -3.2102
206      -5.6356      -19.165      -3.0761
207      -12.456      -19.371       3.3537
208      -16.523      -19.249     -0.47935
209      -13.961      -19.321      -4.7632
210      -7.0393      -19.321       4.7632
211        -10.5      -19.321      -5.8877
212        -10.5      -19.321       5.8877
213        -16.1      -19.321       1.8194
214      -4.9005      -19.321      -1.8194
215      -16.093      -19.563      -1.8539
216      -14.199      -19.619       4.5987
217      -4.9835      -19.619       2.0964
218      -7.0085      -19.619      -4.8057
219      -8.3159       -19.77      -5.2503
220      -12.663      -19.777       5.4111
221      -8.3371      -19.777       5.4111
222      -12.663      -19.777      -5.4111
223       -12.65      -20.182      -1.6217
224      -5.8424      -20.074      -2.5548
225      -17.347          -20       1.0845
226      -16.677          -20       3.1474
227      -16.677          -20      -3.1474
228      -11.585          -20      -6.8474
229      -15.402          -20       4.9022
230      -13.647          -20      -6.1771
231      -7.3526          -20      -6.1771
232      -13.647          -20       6.1771
233      -5.5978          -20      -4.9022
234      -4.3229          -20      -3.1474
235      -11.585          -20       6.8474
236      -3.6526          -20      -1.0845
237      -3.6526          -20       1.0845
238      -4.3229          -20       3.1474
239      -5.5978          -20       4.9022
240      -7.3526          -20       6.1771
241      -9.4155          -20      -6.8474
242      -9.4155          -20       6.8474
243      -15.402          -20      -4.9022
244      -17.347          -20      -1.0845
245      -12.669          -20       6.6756
246      -17.176          -20        2.169
247      -17.176          -20       -2.169
248      -16.179          -20      -4.1258
249      -14.626          -20      -5.6786
250      -12.669          -20      -6.6756
251        -10.5          -20      -7.0192
252       -8.331          -20      -6.6756
253      -6.3742          -20      -5.6786
254      -16.179          -20       4.1258
255      -4.8214          -20      -4.1258
256      -17.519          -20   3.1086e-15
257        -10.5          -20       7.0192
258       -8.331          -20       6.6756
259      -6.3742          -20       5.6786
260      -4.8214          -20       4.1258
261      -3.8244          -20        2.169
262      -3.4808          -20   8.8818e-16
263      -3.8244          -20       -2.169
264      -14.626          -20       5.6786
265      -14.747      -20.467     -0.70611
266      -14.929      -20.452       2.2205
267      -7.3202      -20.723      -3.5578
268      -7.1995      -20.858       2.8994
269      -6.0715      -20.852        1.125
270      -4.6202      -20.988       2.4458
271      -4.6202      -20.988      -2.4458
272       -16.38      -20.988      -2.4458
273      -8.0542      -20.988       5.8798
274      -12.946      -20.988      -5.8798
275      -12.946      -20.988       5.8798
276       -16.38      -20.988       2.4458
277      -8.6883      -21.268       4.3389
278      -12.312      -21.268       4.3389
279      -12.312      -21.268      -4.3389
280       -7.851      -21.146      -5.6715
281      -10.168      -21.513      -3.6992
282      -11.532      -21.308        6.074
283       -4.426      -21.308       1.0321
284       -4.426      -21.308      -1.0321
285      -16.574      -21.308      -1.0321
286      -9.4679      -21.308        6.074
287      -11.532      -21.308       -6.074
288      -16.574      -21.308       1.0321
289      -15.546      -21.307       3.6664
290      -15.546      -21.307      -3.6664
291      -6.8336      -21.307       5.0464
292      -5.4536      -21.307       3.6664
293      -14.166      -21.307       5.0464
294      -14.166      -21.307      -5.0464
295      -6.8336      -21.307      -5.0464
296      -5.4536      -21.307      -3.6664
297      -8.2028      -21.764     -0.54342
298      -9.4797        -21.6      -5.9014
299      -12.889      -21.819       2.7481
300       -2.716      -21.527     -0.91892
301       -2.716      -21.527      0.91892
302      -18.156      -21.563     -0.91503
303      -18.156      -21.563      0.91503
304       -9.585      -21.563      -7.6557
305      -11.415      -21.563      -7.6557
306       -9.585      -21.563       7.6557
307      -11.415      -21.563       7.6557
308      -7.8506      -22.282      -2.7631
309      -13.263      -22.282      -2.6494
310      -9.9233      -22.582      0.60806
311      -7.4724      -22.536     -0.32617
312      -13.632      -22.598      0.32617
313      -11.479      -22.642      -5.2848
314      -11.479      -22.642       5.2848
315      -15.785      -22.642     -0.97852
316      -5.2152      -22.642     -0.97852
317      -5.2152      -22.642      0.97852
318      -9.5215      -22.642       5.2848
319      -15.785      -22.642      0.97852
320      -14.901      -22.642       3.1975
321      -7.3025      -22.642        4.401
322       -6.099      -22.642       3.1975
323       -6.099      -22.642      -3.1975
324      -13.698      -22.642       -4.401
325      -7.3025      -22.642       -4.401
326      -14.901      -22.642      -3.1975
327      -13.698      -22.642        4.401
328      -17.277      -22.602      0.88962
329      -17.277      -22.602     -0.88962
330       -11.39      -22.602      -6.7773
331       -11.39      -22.602       6.7773
332      -9.6104      -22.602       6.7773
333       -3.646      -22.653     -0.88871
334      -3.4368      -22.788      0.86692
335      -9.5463       -23.26      -4.9194
336      -10.535      -23.572     -0.55901
337       -10.21      -23.609       2.8034
338      -8.5023      -23.689       2.2807
339      -10.802      -23.895      -2.6345
340      -1.6461      -23.271      0.72974
341      -1.6461      -23.271     -0.72974
342      -19.075       -23.34     -0.72229
343      -19.075       -23.34      0.72229
344      -9.7777       -23.34      -8.5749
345      -11.222       -23.34       8.5749
346      -11.222       -23.34      -8.5749
347      -9.7777       -23.34       8.5749
348      -14.977      -24.008     -0.92373
349      -14.977      -24.008      0.92373
350      -6.0229      -24.008     -0.92373
351      -11.424      -24.008       4.4771
352      -11.424      -24.008      -4.4771
353      -9.5763      -24.008       4.4771
354      -6.0229      -24.008      0.92373
355      -7.7826      -24.008      -3.7401
356      -6.7599      -24.008      -2.7174
357      -13.217      -24.008      -3.7401
358      -7.7826      -24.008       3.7401
359       -14.24      -24.008       2.7174
360       -14.24      -24.008      -2.7174
361      -13.217      -24.008       3.7401
362      -6.7599      -24.008       2.7174
363      -12.671      -24.165       1.8304
364      -8.6696      -24.165      -2.1714
365      -12.671      -24.165      -1.8304
366      -16.797      -24.156      0.80019
367        -11.3      -24.156      -6.2969
368        -11.3      -24.156       6.2969
369      -9.6998      -24.156       6.2969
370      -16.797      -24.156     -0.80019
371      -3.6707      -24.304      0.76853
372      -4.2267      -24.517     -0.78432
373      -9.6106      -24.865      -3.9704
374      -8.7828      -25.121       1.7172
375      -12.605      -25.156      0.65462
376      -7.8451      -25.158    -0.038704
377      -12.281      -25.209     -0.87235
378      -9.2953      -25.238      -2.0678
379      -9.7735      -24.975      -6.4758
380      -8.5151      -25.363      -1.2028
381       -9.629      -25.322       3.6999
382      -11.371      -25.322       3.6999
383      -6.8001      -25.322       -0.871
384      -11.371      -25.322      -3.6999
385      -6.8001      -25.322        0.871
386        -14.2      -25.322       -0.871
387        -14.2      -25.322        0.871
388      -11.107      -25.409       2.0541
389      -13.605      -25.323       2.2556
390      -8.2444      -25.323       3.1046
391      -13.605      -25.323      -2.2556
392      -12.756      -25.323      -3.1046
393      -8.2444      -25.323      -3.1046
394      -12.756      -25.323       3.1046
395      -7.3954      -25.323      -2.2556
396      -7.3954      -25.323       2.2556
397      -15.752      -25.304     -0.77672
398      -15.752      -25.304      0.77672
399      -9.7233      -25.304       5.2516
400      -11.277      -25.304      -5.2516
401      -11.277      -25.304       5.2516
402      -11.844      -25.585       -2.012
403      -5.0486      -25.466      0.76109
404     -0.44463       -25.23      0.51728
405     -0.44463       -25.23     -0.51728
406      -20.102      -25.327     -0.50684
407      -20.102      -25.327      0.50684
408      -11.007      -25.327      -9.6024
409      -9.9932      -25.327      -9.6024
410      -11.007      -25.327       9.6024
411      -9.9932      -25.327       9.6024
412      -5.9382      -26.123      -0.7631
413      -10.079       -26.36     -0.84163
414      -9.6674      -26.278      -3.1345
415      -11.369      -26.523     -0.77173
416      -11.324      -26.486      -3.0113
417      -13.511      -26.486      0.82429
418      -7.4887      -26.486     -0.82429
419      -9.6757      -26.486       3.0113
420      -11.324      -26.486       3.0113
421      -7.4887      -26.486      0.82429
422      -13.511      -26.486     -0.82429
423      -7.9584      -26.487      -1.8466
424      -8.6534      -26.487       2.5416
425      -13.042      -26.487      -1.8466
426      -12.347      -26.487      -2.5416
427      -12.347      -26.487       2.5416
428      -8.6534      -26.487      -2.5416
429      -13.042      -26.487       1.8466
430      -7.9584      -26.487       1.8466
431      -10.982      -26.601      0.66609
432      -9.8357      -26.601      0.48456
433      -9.7952      -26.432      -5.0177
434      -2.8666      -26.167     -0.58566
435      -10.158      -26.645       2.1581
436      -12.041      -26.709      -1.5366
437      -8.5131      -26.719      -1.0124
438      -11.512      -26.719       1.9869
439      -9.4876      -26.719      -1.9869
440      -12.487      -26.719       1.0124
441      -10.849      -26.719      -2.2025
442      -8.9232      -26.719       1.5768
443      -12.701      -26.719     -0.34963
444      -5.9369      -26.613      0.72691
445      -8.2748      -26.755      0.35243
446      -15.225      -26.633      0.70743
447      -15.225      -26.633     -0.70743
448      -11.207      -26.633       -4.725
449      -9.7926      -26.633        4.725
450      -11.207      -26.633        4.725
451      -17.559      -26.402     -0.58123
452      -17.559      -26.402      0.58123
453      -9.9188      -26.402       7.0593
454      -11.081      -26.402      -7.0593
455      -11.081      -26.402       7.0593
456      -4.4649      -26.674     -0.63897
457      -9.9181      -26.626      -6.7703
458      -3.8762      -26.715      0.60253
459        -10.5        -27.5   1.3323e-15
460      -10.258        -27.5       1.5266
461      -12.159        -27.5     -0.26527
462       -9.737        -27.5      -1.4975
463      -9.0025        -27.5     -0.76301
464      -11.263        -27.5       1.4975
465      -10.763        -27.5        -1.66
466      -11.997        -27.5      0.76301
467      -9.3116        -27.5       1.1884
468      -11.688        -27.5      -1.1884
469      -8.7719        -27.5      0.27367
470      -13.034        -27.5            0
471      -12.552        -27.5      -1.4905
472      -11.991        -27.5      -2.0515
473      -11.284        -27.5      -2.4117
474      -9.7164        -27.5      -2.4117
475      -9.0095        -27.5      -2.0515
476      -8.4485        -27.5      -1.4905
477      -8.0883        -27.5     -0.78362
478      -7.9641        -27.5   1.3323e-15
479      -8.0883        -27.5      0.78362
480      -8.4485        -27.5       1.4905
481      -11.284        -27.5       2.4117
482      -11.991        -27.5       2.0515
483      -12.552        -27.5       1.4905
484        -10.5        -27.5       2.5359
485      -12.912        -27.5      0.78362
486        -10.5        -27.5      -2.5359
487      -12.912        -27.5     -0.78362
488      -9.0095        -27.5       2.0515
489      -9.7164        -27.5       2.4117
490      -6.9482       -27.77      -0.6991
491      -6.9482       -27.77       0.6991
492      -14.281      -27.856      0.67195
493      -14.281      -27.856     -0.67195
494      -9.8281      -27.856      -3.7812
495      -11.172      -27.856       3.7812
496      -11.172      -27.856      -3.7812
497      -9.8281      -27.856       3.7812
498      -5.6155      -28.085      0.60028
499      -5.6155      -28.085     -0.60028
500       -21.25      -27.546      0.26613
501       -21.25      -27.546     -0.26613
502      -10.234      -27.546        10.75
503      -10.234      -27.546       -10.75
504      -10.766      -27.546        10.75
505      -10.766      -27.546       -10.75
506      -15.867      -28.269     -0.54254
507      -15.867      -28.269      0.54254
508      -9.9575      -28.269      -5.3679
509      -11.043      -28.269      -5.3679
510      -9.9575      -28.269       5.3679
511      -11.043      -28.269       5.3679
512      0.92256      -27.459      0.27553
513      0.92256      -27.459     -0.27553
514      -4.0819      -28.448      0.48658
515      -4.0819      -28.448     -0.48658
516      -17.676       -28.74      0.39502
517      -17.676       -28.74     -0.39502
518      -10.895       -28.74       7.1765
519      -10.895       -28.74      -7.1765
520      -10.105       -28.74       7.1765
521      -10.105       -28.74      -7.1765
522      -2.3351      -28.861      0.35706
523      -2.3351      -28.861     -0.35706
524      -10.723      -29.287       9.2802
525      -10.277      -29.287      -9.2802
526      -10.723      -29.287      -9.2802
527      -10.277      -29.287       9.2802
528       -19.78      -29.287       0.2234
529       -19.78      -29.287      -0.2234
530     -0.11994      -29.385     -0.19283
531     -0.11994      -29.385      0.19283
532        -10.5          -30      -12.019
533        -10.5          -30       12.019
534      -22.519          -30   3.1086e-15
535       2.4808          -30   8.8818e-16
EndCoordinates

Elements
1 479 478 469 445
2 479 478 445 421
3 487 470 461 443
4 477 476 463 437
5 472 471 468 436
6 475 474 462 439
7 485 483 466 440
8 482 481 464 438
9 488 480 467 442
10 486 473 465 441
11 487 470 443 422
12 477 476 437 423
13 475 474 439 428
14 486 473 441 416
15 482 481 438 427
16 472 471 436 425
17 485 483 440 429
18 488 480 442 424
19 478 469 445 437
20 469 479 445 442
21 461 487 443 436
22 470 461 443 440
23 476 463 437 439
24 481 464 438 484
25 474 462 439 441
26 473 465 441 436
27 471 468 436 461
28 483 466 440 438
29 480 467 442 469
30 464 482 438 483
31 463 477 437 469
32 462 475 439 463
33 465 486 441 462
34 468 472 436 465
35 466 485 440 470
36 467 488 442 489
37 484 489 460 435
38 484 489 435 419
39 478 477 469 437
40 480 479 469 442
41 471 487 461 436
42 473 472 465 436
43 476 475 463 439
44 474 486 462 441
45 445 479 421 442
46 473 441 416 436
47 443 487 422 436
48 489 460 435 442
49 460 484 435 438
50 485 440 470 417
51 474 486 441 414
52 480 479 442 430
53 438 481 484 420
54 473 472 436 426
55 488 442 489 424
56 476 475 439 423
57 482 438 483 429
58 478 477 437 418
59 471 487 436 425
60 476 437 423 439
61 438 482 427 429
62 483 440 429 438
63 442 480 430 424
64 430 442 424 374
65 439 475 428 423
66 472 436 426 425
67 436 426 425 392
68 477 437 418 423
69 438 481 420 427
70 485 440 417 429
71 489 435 419 442
72 437 418 423 380
73 420 438 427 394
74 440 417 429 389
75 478 445 421 418
76 479 491 478 421
77 478 490 477 418
78 470 466 461 440
79 466 483 464 438
80 441 486 416 414
81 470 443 422 417
82 460 489 467 442
83 484 460 464 438
84 484 489 419 497
85 486 473 416 496
86 481 484 420 495
87 487 470 422 493
88 470 485 417 492
89 435 484 419 420
90 474 439 428 414
91 439 428 414 378
92 467 460 442 432
93 460 464 438 431
94 468 436 461 415
95 468 436 415 465
96 464 466 438 431
97 441 465 462 415
98 439 462 463 413
99 439 462 413 441
100 466 461 440 431
101 437 463 469 413
102 467 442 469 432
103 427 438 429 394
104 428 439 423 378
105 474 439 414 441
106 199 253 200 218
107 200 199 218 144
108 195 185 257 212
109 195 185 212 143
110 184 246 186 213
111 186 184 213 152
112 189 261 192 217
113 192 189 217 151
114 183 249 202 209
115 202 183 209 146
116 197 251 196 211
117 196 197 211 150
118 198 264 188 216
119 188 198 216 149
120 201 259 187 210
121 187 201 210 145
122 191 263 190 214
123 190 191 214 147
124 194 247 193 215
125 193 194 215 148
126 461 468 415 459
127 462 463 413 459
128 231 253 199 218
129 235 195 257 212
130 226 246 184 213
131 237 261 189 217
132 243 249 183 209
133 228 251 197 211
134 232 264 198 216
135 239 259 201 210
136 234 263 191 214
137 244 247 194 215
138 253 233 200 218
139 246 225 186 213
140 257 185 242 212
141 249 230 202 209
142 261 238 192 217
143 251 241 196 211
144 264 229 188 216
145 259 240 187 210
146 263 236 190 214
147 247 227 193 215
148 247 272 227 215
149 258 240 273 221
150 234 271 263 214
151 245 275 232 220
152 226 276 246 213
153 230 274 250 222
154 238 261 270 217
155 250 230 222 202
156 258 240 221 187
157 232 245 220 167
158 464 466 431 459
159 445 478 437 418
160 474 494 486 414
161 415 468 465 459
162 443 470 440 417
163 467 460 432 459
164 460 464 431 459
165 469 467 432 459
166 484 435 438 420
167 489 419 424 442
168 487 425 422 436
169 416 426 473 436
170 421 479 430 442
171 416 426 436 402
172 419 424 442 374
173 425 422 436 402
174 430 421 442 374
175 469 445 437 432
176 445 469 442 432
177 230 274 222 294
178 240 273 221 291
179 275 232 220 293
180 443 461 436 415
181 440 466 431 438
182 465 441 436 415
183 463 437 439 413
184 461 443 440 415
185 435 438 420 388
186 440 443 417 375
187 437 445 418 380
188 274 250 222 287
189 273 258 221 286
190 245 275 220 282
191 491 490 478 421
192 437 423 439 380
193 440 429 438 388
194 421 445 442 374
195 422 443 436 375
196 441 416 436 402
197 460 435 442 432
198 435 460 438 431
199 435 419 442 374
200 264 229 216 293
201 231 253 218 295
202 242 257 212 286
203 243 249 209 294
204 263 236 214 284
205 253 233 218 295
206 232 264 216 293
207 244 247 215 285
208 259 240 210 291
209 257 235 212 282
210 228 251 211 287
211 249 230 209 294
212 237 261 217 283
213 246 225 213 288
214 251 241 211 298
215 239 259 210 291
216 426 436 402 392
217 231 252 280 219
218 231 252 219 165
219 445 421 418 376
220 445 421 376 374
221 478 490 418 421
222 443 422 417 375
223 424 390 430 374
224 423 393 428 378
225 417 440 375 389
226 419 435 420 388
227 413 462 459 415
228 459 413 415 431
229 415 459 431 461
230 413 415 431 375
231 418 412 383 385
232 191 234 214 206
233 199 231 218 219
234 229 188 216 171
235 183 243 209 181
236 185 242 212 179
237 236 190 214 178
238 233 200 218 174
239 184 226 213 171
240 238 192 217 172
241 198 232 216 220
242 194 244 215 208
243 235 195 212 177
244 240 187 210 221
245 197 228 211 176
246 230 202 209 222
247 189 237 217 178
248 227 193 215 175
249 225 186 213 173
250 241 196 211 180
251 201 239 210 172
252 459 413 431 432
253 431 459 432 460
254 459 413 432 469
255 432 431 460 435
256 413 431 432 388
257 466 461 431 459
258 416 426 402 392
259 413 462 415 441
260 439 414 441 378
261 416 441 414 402
262 428 414 378 393
263 280 231 219 218
264 494 496 486 416
265 495 497 484 419
266 493 492 470 417
267 214 191 206 147
268 190 214 178 147
269 196 211 180 150
270 195 212 177 143
271 193 215 175 148
272 192 217 172 151
273 209 183 181 146
274 200 218 174 144
275 211 197 176 150
276 188 216 171 149
277 215 194 208 148
278 212 185 179 143
279 186 213 173 152
280 241 196 180 252
281 180 241 252 219
282 252 180 219 165
283 191 234 206 169
284 236 190 178 262
285 178 236 262 284
286 235 195 177 167
287 227 193 175 248
288 175 227 248 215
289 238 192 172 260
290 172 238 260 217
291 183 243 181 170
292 233 200 174 255
293 174 233 255 218
294 197 228 176 166
295 229 188 171 254
296 171 229 254 216
297 194 244 208 164
298 185 242 179 258
299 242 179 258 286
300 225 186 173 256
301 173 225 256 288
302 425 392 391 422
303 430 390 396 374
304 390 396 374 362
305 395 393 423 380
306 389 394 429 388
307 463 413 459 469
308 438 420 388 394
309 436 443 415 375
310 437 439 413 380
311 418 395 423 380
312 424 419 390 374
313 421 430 396 374
314 198 232 220 167
315 431 440 438 388
316 231 280 295 218
317 465 415 459 462
318 415 413 441 402
319 210 240 221 291
320 209 230 222 294
321 232 216 220 293
322 442 445 432 374
323 441 436 415 402
324 413 439 441 378
325 436 425 402 392
326 431 415 461 440
327 491 444 498 499
328 247 272 215 285
329 261 270 217 283
330 271 263 214 284
331 276 246 213 288
332 254 289 226 171
333 255 296 234 206
334 234 255 206 169
335 233 296 255 218
336 229 289 254 216
337 248 290 243 181
338 243 248 181 170
339 260 292 239 172
340 227 290 248 215
341 260 238 292 217
342 484 420 495 419
343 470 422 493 417
344 288 328 303 329
345 286 332 306 331
346 287 330 305 304
347 285 302 329 303
348 282 307 331 306
349 235 282 245 220
350 245 235 220 177
351 220 245 177 167
352 245 235 177 167
353 250 287 228 222
354 228 250 222 176
355 250 222 176 202
356 228 250 176 166
357 199 231 219 165
358 514 515 498 458
359 385 444 421 418
360 418 445 376 380
361 376 418 380 383
362 380 376 383 350
363 440 443 375 415
364 421 444 491 490
365 241 252 219 298
366 515 522 523 434
367 435 442 432 374
368 438 435 431 388
369 319 328 288 329
370 318 332 286 331
371 313 330 287 298
372 315 285 329 288
373 314 282 331 286
374 228 251 287 305
375 242 257 286 306
376 225 256 288 303
377 257 235 282 307
378 236 262 284 300
379 218 199 219 157
380 418 380 383 395
381 413 432 469 437
382 252 280 219 298
383 222 228 176 211
384 235 220 177 212
385 429 440 389 388
386 272 290 227 215
387 234 296 271 224
388 271 234 224 214
389 226 289 276 266
390 276 226 266 213
391 238 270 292 217
392 432 431 435 388
393 187 210 221 179
394 216 198 220 158
395 202 209 222 176
396 387 398 349 348
397 386 348 397 387
398 381 399 353 351
399 384 400 352 373
400 382 351 401 381
401 380 383 395 350
402 226 266 213 171
403 234 224 214 206
404 224 214 206 156
405 234 224 206 296
406 376 418 383 385
407 446 398 387 397
408 449 399 381 401
409 448 400 384 433
410 447 386 397 387
411 450 382 401 381
412 490 491 499 444
413 486 416 414 494
414 226 254 171 161
415 239 260 172 163
416 316 333 284 283
417 498 515 499 456
418 422 391 386 377
419 386 422 377 387
420 419 381 390 374
421 420 394 382 388
422 382 420 388 381
423 387 389 417 375
424 417 387 375 422
425 385 421 396 376
426 385 421 376 418
427 384 392 416 402
428 384 392 402 352
429 416 384 402 414
430 214 236 178 284
431 211 241 180 219
432 243 209 181 290
433 244 215 208 285
434 242 212 179 286
435 213 225 173 288
436 444 498 499 456
437 414 378 393 373
438 266 276 213 288
439 224 271 214 284
440 289 276 266 320
441 296 271 224 323
442 417 446 387 422
443 422 386 447 387
444 419 449 381 420
445 416 448 384 414
446 420 382 450 381
447 284 333 300 301
448 392 360 391 365
449 391 392 365 402
450 391 392 402 422
451 392 365 402 352
452 389 359 394 363
453 394 389 363 388
454 395 355 393 364
455 393 395 364 380
456 181 183 170 146
457 206 191 169 147
458 208 194 164 148
459 518 520 511 455
460 176 197 166 150
461 195 177 167 143
462 521 519 508 457
463 517 516 506 451
464 514 522 515 458
465 395 364 380 350
466 448 400 433 454
467 492 506 507 446
468 509 494 508 433
469 510 495 511 450
470 218 199 157 144
471 385 403 444 412
472 216 198 158 149
473 244 256 302 285
474 244 256 285 208
475 244 256 208 164
476 241 251 304 298
477 365 391 402 377
478 402 365 377 336
479 365 391 377 348
480 325 295 280 267
481 295 280 267 218
482 445 376 380 432
483 222 274 287 279
484 221 273 286 277
485 275 220 282 278
486 419 435 388 374
487 391 386 377 348
488 412 350 383 385
489 177 220 167 158
490 177 220 158 182
491 167 177 158 143
492 237 262 301 283
493 237 262 283 178
494 237 262 178 168
495 413 432 437 380
496 493 422 447 446
497 492 446 417 493
498 419 497 449 495
499 420 450 495 449
500 416 496 448 494
501 389 359 363 349
502 360 391 365 348
503 355 393 364 373
504 525 526 521 503
505 524 527 518 455
506 516 529 528 452
507 222 274 279 294
508 221 273 277 291
509 275 220 278 293
510 439 423 378 380
511 423 378 380 393
512 398 366 349 348
513 400 367 352 335
514 399 369 353 351
515 397 348 370 398
516 401 351 368 399
517 431 415 440 375
518 403 444 412 456
519 413 439 378 380
520 425 402 392 422
521 378 380 393 364
522 378 380 364 336
523 393 378 364 373
524 490 412 418 444
525 325 295 267 296
526 330 313 367 335
527 332 318 369 331
528 328 319 366 329
529 331 368 314 318
530 329 370 315 319
531 493 447 506 446
532 497 510 449 495
533 496 509 448 494
534 492 446 493 506
535 445 437 432 380
536 301 334 283 333
537 219 218 157 205
538 383 376 385 350
539 210 221 179 204
540 209 222 176 203
541 180 219 165 157
542 180 219 157 205
543 165 180 157 150
544 394 359 361 363
545 358 362 390 338
546 358 362 338 321
547 357 360 392 365
548 356 355 395 364
549 196 180 252 165
550 196 180 165 150
551 193 175 248 170
552 193 175 170 148
553 200 174 255 169
554 200 174 169 144
555 179 185 258 162
556 179 185 162 143
557 190 178 262 168
558 190 178 168 147
559 192 172 260 163
560 192 172 163 151
561 188 171 254 161
562 188 171 161 149
563 186 173 256 164
564 186 173 164 152
565 506 507 446 452
566 511 510 450 455
567 530 522 531 404
568 176 222 211 203
569 220 177 212 182
570 248 181 170 175
571 181 170 175 141
572 248 181 175 290
573 174 255 169 206
574 169 174 206 156
575 174 255 206 296
576 256 208 164 173
577 208 164 173 140
578 256 208 173 288
579 258 179 162 187
580 250 176 166 202
581 450 495 449 510
582 390 358 338 353
583 449 399 401 453
584 446 398 397 452
585 354 403 385 350
586 509 508 519 457
587 510 511 520 455
588 506 516 507 452
589 274 287 279 313
590 273 286 277 318
591 282 275 278 314
592 525 526 503 532
593 436 415 402 377
594 402 436 377 422
595 220 216 158 207
596 221 258 187 179
597 221 258 179 286
598 445 376 432 374
599 391 402 377 422
600 490 418 421 444
601 440 431 375 388
602 283 334 317 333
603 180 211 219 205
604 444 385 412 418
605 414 378 373 402
606 226 289 266 171
607 219 280 218 267
608 219 280 267 298
609 444 412 456 499
610 381 419 420 388
611 381 390 374 338
612 390 374 338 362
613 274 279 294 324
614 278 275 293 327
615 273 277 291 321
616 394 382 388 351
617 508 509 433 457
618 521 526 519 457
619 518 527 520 455
620 517 529 516 451
621 403 458 444 456
622 403 458 456 372
623 387 389 375 363
624 387 389 363 349
625 361 394 363 351
626 392 357 365 352
627 395 356 364 350
628 357 360 365 309
629 352 367 313 335
630 349 366 319 348
631 353 369 318 351
632 359 361 363 299
633 356 355 364 308
634 351 314 368 318
635 348 315 370 319
636 414 441 378 402
637 436 377 422 375
638 377 422 375 387
639 356 323 355 308
640 357 326 360 309
641 359 320 361 299
642 221 179 204 286
643 218 219 267 205
644 499 412 490 444
645 271 316 284 224
646 285 315 272 265
647 272 285 265 215
648 285 315 265 288
649 270 283 317 269
650 270 283 269 217
651 283 317 269 316
652 276 319 288 266
653 375 377 387 349
654 421 376 374 396
655 217 237 283 178
656 286 277 318 278
657 287 279 313 298
658 278 282 314 286
659 368 401 399 453
660 370 397 398 452
661 329 302 342 343
662 328 343 303 329
663 330 346 305 304
664 332 347 306 331
665 331 307 345 347
666 447 506 446 451
667 449 450 510 453
668 522 530 523 405
669 326 360 309 315
670 359 320 299 319
671 396 385 376 354
672 397 348 398 387
673 401 351 399 381
674 287 228 222 211
675 235 282 220 212
676 381 353 390 338
677 301 340 334 333
678 184 213 152 171
679 189 217 151 178
680 201 210 145 172
681 209 202 146 159
682 209 202 159 176
683 202 159 176 166
684 159 176 166 150
685 202 159 166 146
686 210 187 145 179
687 422 493 417 446
688 420 495 419 449
689 412 403 456 372
690 159 209 176 203
691 272 326 290 265
692 292 270 322 269
693 229 216 293 289
694 209 243 294 290
695 233 218 295 296
696 210 239 291 292
697 389 375 363 388
698 184 226 171 161
699 189 237 178 168
700 201 239 172 163
701 373 433 414 384
702 352 384 373 339
703 352 384 339 402
704 384 339 402 373
705 256 288 303 285
706 256 302 285 303
707 251 287 305 304
708 257 286 306 282
709 282 257 307 306
710 422 447 446 387
711 447 446 387 397
712 447 446 397 451
713 420 450 449 381
714 450 449 381 401
715 450 449 401 453
716 171 184 161 152
717 179 162 187 145
718 178 189 168 151
719 172 201 163 145
720 266 213 171 160
721 458 444 456 498
722 307 331 306 347
723 302 329 303 343
724 384 448 433 414
725 175 181 141 223
726 438 429 394 388
727 356 323 308 316
728 198 220 158 167
729 158 198 167 149
730 251 211 287 298
731 257 212 286 282
732 279 294 324 309
733 277 291 321 322
734 293 278 327 299
735 414 433 494 448
736 433 494 448 509
737 448 433 509 454
738 436 415 377 375
739 376 374 396 354
740 255 174 218 296
741 260 172 217 292
742 248 175 215 290
743 254 171 216 289
744 433 379 457 367
745 414 373 384 402
746 199 219 157 165
747 157 199 165 144
748 324 326 357 309
749 324 326 309 294
750 357 324 309 313
751 355 323 325 308
752 323 325 308 267
753 325 355 308 335
754 361 320 327 299
755 320 327 299 266
756 327 361 299 314
757 362 321 322 338
758 159 166 146 126
759 384 400 373 433
760 396 374 362 354
761 416 414 494 448
762 388 382 381 351
763 262 284 300 301
764 262 301 283 284
765 350 372 316 354
766 224 206 296 267
767 419 381 374 388
768 334 371 317 333
769 280 325 267 298
770 267 295 218 296
771 333 341 300 301
772 375 387 363 349
773 386 348 387 377
774 334 371 333 340
775 289 327 320 266
776 296 325 323 267
777 176 159 203 150
778 316 372 333 317
779 385 403 412 350
780 408 505 503 526
781 505 503 526 532
782 411 502 504 527
783 502 504 527 533
784 407 500 501 528
785 500 501 528 534
786 363 394 388 351
787 210 221 204 277
788 209 222 203 279
789 181 175 290 223
790 206 174 296 267
791 220 216 207 278
792 221 210 291 277
793 222 209 294 279
794 216 220 293 278
795 415 377 375 413
796 313 352 335 339
797 349 387 348 377
798 385 354 350 376
799 353 381 351 337
800 353 381 337 338
801 400 352 373 335
802 378 413 380 336
803 530 531 535 512
804 530 531 512 404
805 440 375 389 388
806 369 332 331 347
807 366 328 329 343
808 351 353 337 318
809 287 222 279 211
810 286 221 277 204
811 220 282 278 212
812 456 458 498 515
813 456 458 515 434
814 456 458 434 372
815 415 413 402 377
816 219 267 205 298
817 343 407 406 452
818 347 411 410 453
819 409 344 408 379
820 265 272 215 290
821 269 270 217 292
822 277 273 318 321
823 279 274 313 324
824 275 278 314 327
825 315 329 319 288
826 314 331 318 286
827 441 413 378 402
828 435 432 388 374
829 211 241 219 298
830 251 304 298 287
831 330 287 298 304
832 218 157 205 174
833 218 157 174 144
834 256 288 285 208
835 283 262 284 178
836 327 289 293 266
837 326 294 290 309
838 322 291 292 268
839 292 322 268 269
840 338 358 321 318
841 239 210 172 292
842 401 455 450 453
843 401 455 453 368
844 374 338 362 354
845 512 404 513 530
846 513 512 530 535
847 319 349 348 312
848 319 349 312 299
849 316 350 354 311
850 400 373 433 367
851 289 266 171 216
852 345 331 347 368
853 342 329 343 370
854 224 296 323 267
855 216 158 207 171
856 216 158 171 149
857 360 365 309 348
858 363 359 299 349
859 266 171 216 207
860 354 371 403 372
861 371 403 372 458
862 376 380 432 388
863 285 265 215 208
864 283 269 217 178
865 404 340 405 371
866 285 329 288 303
867 282 331 286 306
868 267 218 205 174
869 333 316 317 283
870 324 279 309 313
871 278 327 299 314
872 174 206 156 267
873 222 203 279 211
874 330 367 346 344
875 346 330 344 304
876 375 363 388 336
877 290 326 309 265
878 352 373 335 339
879 214 224 284 269
880 213 266 288 265
881 348 315 319 312
882 351 314 318 337
883 376 432 374 388
884 354 403 350 372
885 319 315 288 265
886 318 314 286 278
887 398 452 366 370
888 366 398 370 348
889 370 366 348 319
890 370 366 319 329
891 370 366 329 343
892 399 453 369 368
893 369 399 368 351
894 368 369 351 318
895 368 369 318 331
896 368 369 331 347
897 400 454 367 457
898 400 454 457 433
899 454 457 433 509
900 397 370 451 452
901 451 397 452 446
902 358 338 353 318
903 457 400 433 367
904 208 173 288 265
905 337 353 338 318
906 167 158 149 128
907 316 350 311 356
908 333 284 283 301
909 207 220 278 182
910 529 534 528 501
911 528 529 501 452
912 524 533 527 504
913 527 524 504 410
914 158 220 207 182
915 291 292 268 210
916 327 293 299 266
917 165 157 144 125
918 409 408 503 457
919 410 411 504 527
920 406 407 501 452
921 340 301 341 333
922 284 316 283 269
923 313 330 298 335
924 308 323 267 224
925 374 381 338 337
926 338 374 337 310
927 361 363 299 351
928 365 357 309 352
929 364 356 308 311
930 413 432 380 388
931 454 457 509 519
932 454 457 519 526
933 455 450 453 510
934 452 451 446 506
935 322 362 338 317
936 349 348 312 377
937 341 340 333 371
938 318 277 321 338
939 412 403 372 350
940 348 360 315 309
941 351 361 314 299
942 313 357 352 309
943 317 354 362 338
944 319 359 349 299
945 181 170 141 146
946 170 175 141 148
947 265 215 208 140
948 317 371 354 372
949 342 343 406 451
950 345 347 410 455
951 344 346 408 379
952 315 272 265 326
953 317 270 269 322
954 178 214 284 269
955 173 213 288 265
956 172 163 151 138
957 173 164 152 140
958 164 208 148 140
959 162 179 143 136
960 169 206 147 156
961 174 169 144 156
962 171 161 149 137
963 178 168 147 139
964 212 179 286 204
965 370 451 452 343
966 455 453 368 347
967 379 457 367 454
968 379 457 454 408
969 367 379 454 346
970 458 515 434 522
971 431 375 388 413
972 298 313 335 281
973 166 159 150 126
974 208 173 265 140
975 377 365 348 312
976 146 209 159 141
977 298 330 304 344
978 522 523 434 405
979 340 341 405 371
980 211 176 203 150
981 212 179 204 136
982 224 214 156 269
983 404 405 513 530
984 206 224 156 267
985 350 354 311 376
986 339 352 402 365
987 402 339 365 336
988 348 315 312 309
989 458 434 372 371
990 434 372 371 341
991 159 209 203 141
992 453 455 510 520
993 453 455 520 527
994 452 451 506 516
995 452 451 516 529
996 365 377 336 312
997 335 298 281 267
998 433 373 379 367
999 266 213 160 265
1000 402 339 336 378
1001 402 339 378 373
1002 339 378 373 364
1003 325 308 267 335
1004 339 378 364 336
1005 355 364 308 335
1006 364 355 373 335
1007 373 339 364 335
1008 206 214 147 156
1009 215 175 148 141
1010 213 173 152 160
1011 211 180 150 153
1012 211 180 153 205
1013 208 215 148 140
1014 181 209 146 141
1015 214 178 147 156
1016 217 172 151 155
1017 217 172 155 268
1018 212 177 143 154
1019 212 177 154 182
1020 179 212 143 136
1021 381 351 337 388
1022 337 381 388 374
1023 267 218 174 296
1024 458 434 371 404
1025 265 285 288 208
1026 283 284 269 178
1027 157 180 205 153
1028 157 180 153 150
1029 276 266 320 319
1030 271 224 323 316
1031 380 376 350 311
1032 313 352 339 309
1033 388 337 374 310
1034 212 286 282 278
1035 210 291 277 268
1036 291 277 268 322
1037 293 216 278 299
1038 209 294 279 309
1039 289 293 266 216
1040 278 207 182 299
1041 313 335 281 339
1042 351 314 337 299
1043 400 367 335 373
1044 179 210 204 136
1045 317 371 372 333
1046 371 372 333 341
1047 335 379 373 367
1048 335 379 367 330
1049 379 367 330 344
1050 268 292 269 217
1051 377 402 336 413
1052 315 319 312 265
1053 343 342 370 451
1054 367 346 344 379
1055 347 345 368 455
1056 339 365 336 309
1057 452 366 370 343
1058 453 369 368 347
1059 351 337 388 363
1060 337 388 363 310
1061 294 209 290 309
1062 411 410 453 527
1063 380 364 336 310
1064 364 336 310 281
1065 336 380 310 388
1066 172 217 292 268
1067 209 181 290 223
1068 175 215 290 223
1069 216 207 278 299
1070 207 158 182 137
1071 321 277 322 338
1072 154 212 182 204
1073 182 154 204 136
1074 338 374 310 354
1075 211 287 298 279
1076 317 269 316 311
1077 316 372 317 354
1078 317 316 354 311
1079 354 317 311 338
1080 364 339 336 281
1081 161 171 152 137
1082 168 178 151 139
1083 179 162 145 136
1084 163 172 145 138
1085 356 364 350 311
1086 171 266 160 207
1087 380 364 310 311
1088 339 352 365 309
1089 150 211 153 203
1090 151 217 155 178
1091 143 212 154 136
1092 330 298 335 344
1093 322 268 269 338
1094 380 376 311 310
1095 380 376 310 388
1096 298 313 281 279
1097 313 281 279 339
1098 364 380 350 311
1099 214 178 156 269
1100 204 210 277 268
1101 277 204 268 182
1102 203 209 279 223
1103 215 175 141 223
1104 181 209 141 223
1105 316 284 224 269
1106 319 288 266 265
1107 363 375 349 312
1108 349 363 312 299
1109 363 312 299 310
1110 318 314 278 337
1111 337 338 310 277
1112 212 182 204 286
1113 219 211 298 205
1114 177 154 182 158
1115 177 154 158 143
1116 292 172 268 210
1117 363 375 312 336
1118 269 317 322 338
1119 265 315 326 309
1120 413 378 402 336
1121 157 174 144 156
1122 269 268 217 155
1123 312 315 265 309
1124 277 204 182 286
1125 172 151 155 138
1126 155 172 138 204
1127 298 335 325 267
1128 375 377 349 312
1129 375 377 312 336
1130 375 377 336 413
1131 320 299 319 266
1132 158 171 149 137
1133 278 220 212 182
1134 434 458 522 404
1135 317 269 311 338
1136 204 210 268 172
1137 279 309 313 339
1138 299 278 314 337
1139 298 281 267 205
1140 281 267 205 297
1141 310 336 388 363
1142 269 217 178 155
1143 457 454 408 503
1144 154 182 158 135
1145 213 173 160 265
1146 211 153 203 205
1147 154 212 204 136
1148 151 155 138 139
1149 155 138 139 156
1150 158 167 143 128
1151 203 209 223 141
1152 308 364 311 297
1153 311 308 297 224
1154 364 311 297 310
1155 311 297 310 268
1156 157 205 174 156
1157 277 268 322 338
1158 279 203 223 281
1159 308 364 297 281
1160 267 308 224 297
1161 205 157 153 156
1162 279 203 281 211
1163 356 308 311 316
1164 205 267 174 156
1165 409 408 457 379
1166 323 308 316 224
1167 376 374 354 310
1168 376 374 310 388
1169 215 265 290 223
1170 215 265 223 140
1171 157 165 150 125
1172 213 171 160 152
1173 151 155 139 178
1174 281 335 267 308
1175 267 281 308 297
1176 158 207 171 137
1177 335 281 339 364
1178 216 266 207 299
1179 293 266 216 299
1180 365 309 348 312
1181 154 143 136 128
1182 141 170 148 129
1183 170 141 146 129
1184 312 319 299 266
1185 182 154 136 135
1186 154 136 135 128
1187 266 160 207 299
1188 351 337 363 299
1189 281 335 308 364
1190 319 312 265 266
1191 145 210 179 136
1192 210 145 172 138
1193 160 171 207 137
1194 281 298 279 211
1195 524 527 455 410
1196 310 336 363 312
1197 269 316 311 224
1198 155 139 178 156
1199 160 171 137 152
1200 338 337 318 277
1201 337 318 277 278
1202 297 364 310 281
1203 335 379 330 344
1204 281 298 211 205
1205 154 158 143 128
1206 205 267 156 297
1207 365 309 312 336
1208 405 404 371 434
1209 405 404 434 522
1210 309 290 265 223
1211 265 309 223 312
1212 354 311 376 310
1213 308 311 316 224
1214 341 434 405 371
1215 153 157 150 125
1216 413 380 336 388
1217 204 210 172 138
1218 454 379 408 346
1219 521 526 457 503
1220 337 363 299 310
1221 158 154 135 128
1222 149 158 137 128
1223 152 161 137 131
1224 151 168 139 130
1225 145 163 138 124
1226 162 145 136 127
1227 455 453 347 410
1228 455 453 410 527
1229 451 452 343 406
1230 451 452 406 529
1231 159 146 141 126
1232 388 375 336 413
1233 163 151 138 124
1234 168 147 139 130
1235 161 149 137 131
1236 143 162 136 127
1237 207 160 137 182
1238 207 160 182 299
1239 311 354 338 310
1240 338 311 310 268
1241 204 182 136 138
1242 297 311 224 269
1243 297 311 269 268
1244 204 268 182 142
1245 310 336 312 223
1246 311 269 268 338
1247 148 215 141 140
1248 281 279 339 223
1249 212 278 182 286
1250 277 268 338 310
1251 279 209 309 223
1252 309 279 223 339
1253 172 155 268 204
1254 147 178 139 156
1255 339 336 281 223
1256 454 457 526 503
1257 223 265 312 160
1258 269 297 268 142
1259 148 164 140 132
1260 164 152 140 132
1261 144 169 133 156
1262 169 147 133 156
1263 223 203 141 142
1264 336 339 309 223
1265 182 277 286 278
1266 203 281 211 205
1267 406 501 529 452
1268 210 204 136 138
1269 309 290 223 209
1270 152 173 140 160
1271 224 156 267 297
1272 157 144 125 123
1273 173 140 160 265
1274 503 408 526 454
1275 501 407 528 452
1276 299 312 266 160
1277 182 278 299 337
1278 57 52 34 43
1279 57 52 43 74
1280 49 29 50 36
1281 50 49 36 69
1282 60 56 30 41
1283 60 56 41 72
1284 44 26 47 35
1285 47 44 35 70
1286 58 33 55 39
1287 55 58 39 68
1288 44 45 26 35
1289 44 45 35 70
1290 58 61 33 39
1291 58 61 39 68
1292 63 62 31 42
1293 63 62 42 71
1294 49 54 29 36
1295 49 54 36 69
1296 48 25 51 38
1297 51 48 38 67
1298 50 27 46 36
1299 52 59 32 43
1300 56 63 31 42
1301 56 63 42 71
1302 47 25 48 38
1303 48 47 38 67
1304 55 28 53 39
1305 45 46 27 37
1306 45 46 37 65
1307 62 57 34 43
1308 62 57 43 74
1309 61 60 30 41
1310 61 60 41 72
1311 51 32 59 38
1312 54 53 28 40
1313 54 53 40 66
1314 137 160 152 140
1315 137 160 140 135
1316 137 160 135 182
1317 203 159 141 134
1318 269 268 155 142
1319 138 151 139 124
1320 203 223 281 142
1321 145 210 136 138
1322 136 145 138 124
1323 336 310 281 223
1324 141 148 140 129
1325 153 150 203 159
1326 203 153 159 134
1327 153 150 159 126
1328 203 153 134 156
1329 153 159 134 126
1330 157 144 123 156
1331 145 136 127 124
1332 137 152 131 132
1333 139 151 130 124
1334 153 203 205 156
1335 178 269 155 156
1336 136 143 127 128
1337 147 139 130 133
1338 149 137 131 128
1339 152 137 140 132
1340 141 146 129 126
1341 268 277 182 310
1342 20 10 9 12
1343 10 9 12 3
1344 19 11 7 12
1345 11 7 12 3
1346 11 7 3 1
1347 12 11 3 14
1348 15 5 2 12
1349 5 2 12 9
1350 5 2 9 1
1351 17 8 6 12
1352 8 6 12 5
1353 8 6 5 1
1354 6 12 5 17
1355 3 4 14 11
1356 3 4 11 1
1357 18 9 8 12
1358 9 8 12 5
1359 9 8 5 1
1360 10 20 7 12
1361 7 10 12 3
1362 7 10 3 1
1363 15 2 3 12
1364 2 3 12 9
1365 4 11 13 14
1366 141 215 223 140
1367 405 404 522 530
1368 139 147 156 133
1369 2 3 9 1
1370 10 9 3 1
1371 138 155 204 142
1372 138 155 142 156
1373 155 142 156 269
1374 309 223 312 336
1375 182 158 135 137
1376 158 135 137 128
1377 52 59 43 73
1378 46 50 36 65
1379 53 55 39 66
1380 59 51 38 73
1381 203 281 205 142
1382 182 277 278 337
1383 53 28 40 39
1384 46 27 37 36
1385 37 46 36 65
1386 40 53 39 66
1387 140 148 132 129
1388 150 153 125 126
1389 136 182 135 142
1390 156 205 297 281
1391 224 156 297 269
1392 153 157 125 123
1393 182 204 142 138
1394 160 135 182 142
1395 140 137 135 132
1396 312 265 266 160
1397 155 268 204 142
1398 134 153 126 125
1399 138 136 124 121
1400 124 138 121 139
1401 310 297 281 223
1402 223 265 160 140
1403 27 16 15 23
1404 16 15 23 12
1405 22 34 19 24
1406 19 22 24 12
1407 19 22 12 7
1408 31 20 18 24
1409 14 13 26 23
1410 28 21 17 23
1411 27 15 14 23
1412 15 14 23 12
1413 30 18 21 24
1414 20 31 22 24
1415 22 20 24 12
1416 22 20 12 7
1417 13 19 25 24
1418 28 17 16 23
1419 142 138 156 139
1420 156 142 139 123
1421 142 138 139 121
1422 139 156 123 133
1423 156 142 123 134
1424 223 141 140 142
1425 142 156 269 297
1426 134 153 125 123
1427 138 136 121 142
1428 156 205 281 142
1429 156 205 142 203
1430 27 37 36 23
1431 28 40 39 23
1432 157 153 156 123
1433 19 11 12 13
1434 12 19 13 24
1435 52 34 43 32
1436 33 55 39 28
1437 28 54 40 29
1438 56 30 41 31
1439 25 51 38 32
1440 27 45 37 26
1441 29 50 36 27
1442 26 47 35 25
1443 62 31 42 34
1444 142 156 297 281
1445 16 5 15 12
1446 18 20 9 12
1447 18 20 12 24
1448 21 8 17 12
1449 21 18 8 12
1450 14 15 3 12
1451 16 17 5 12
1452 297 310 268 182
1453 14 13 23 12
1454 14 13 12 11
1455 160 140 135 142
1456 299 337 310 182
1457 134 153 123 156
1458 123 139 133 116
1459 22 34 24 31
1460 142 139 123 121
1461 140 141 129 122
1462 140 141 122 134
1463 141 122 134 126
1464 141 129 122 126
1465 138 136 142 182
1466 17 16 23 12
1467 144 125 123 133
1468 123 144 133 156
1469 310 337 277 182
1470 312 299 310 160
1471 125 123 133 114
1472 21 18 12 24
1473 159 141 134 126
1474 30 61 41 33
1475 45 26 35 37
1476 35 45 37 70
1477 26 35 37 23
1478 54 29 36 40
1479 36 54 40 69
1480 29 36 40 23
1481 47 25 38 35
1482 38 47 35 67
1483 25 38 35 23
1484 34 62 43 42
1485 62 43 42 74
1486 43 34 42 24
1487 61 33 39 41
1488 39 61 41 72
1489 31 56 42 41
1490 56 42 41 71
1491 42 31 41 24
1492 160 223 140 142
1493 141 203 134 142
1494 17 21 12 23
1495 34 43 32 24
1496 38 25 32 24
1497 31 42 34 24
1498 40 28 29 23
1499 36 29 27 23
1500 37 27 26 23
1501 35 26 25 23
1502 39 33 28 23
1503 30 41 31 24
1504 16 27 29 23
1505 32 19 34 24
1506 18 30 31 24
1507 25 26 13 23
1508 21 28 33 23
1509 14 26 27 23
1510 21 33 30 24
1511 32 25 19 24
1512 16 29 28 23
1513 122 134 126 125
1514 33 39 41 23
1515 59 32 43 38
1516 42 43 24 38
1517 37 36 23 41
1518 41 30 33 24
1519 136 127 124 121
1520 136 127 121 128
1521 131 137 132 120
1522 131 137 120 128
1523 130 139 124 121
1524 135 136 142 121
1525 135 136 121 128
1526 139 130 133 116
1527 35 37 23 41
1528 160 182 299 310
1529 156 142 134 203
1530 13 12 24 23
1531 12 24 23 21
1532 135 137 128 120
1533 52 43 74 73
1534 40 54 66 69
1535 39 55 68 66
1536 56 41 72 71
1537 38 51 67 73
1538 37 45 65 70
1539 36 50 69 65
1540 35 47 70 67
1541 62 42 71 74
1542 125 134 123 122
1543 24 13 23 25
1544 132 140 129 122
1545 135 137 120 132
1546 312 223 160 310
1547 140 141 134 142
1548 36 37 65 64
1549 37 35 70 64
1550 35 38 67 64
1551 42 41 71 64
1552 40 36 69 75
1553 43 42 74 76
1554 39 40 66 64
1555 41 42 24 38
1556 61 39 68 72
1557 297 268 142 182
1558 122 140 134 135
1559 43 59 38 73
1560 36 40 23 39
1561 36 40 39 64
1562 130 139 121 116
1563 132 140 122 120
1564 132 140 120 135
1565 37 35 64 41
1566 133 123 116 114
1567 36 37 64 41
1568 38 35 23 41
1569 297 310 182 160
1570 134 123 122 135
1571 32 43 38 24
1572 129 122 126 111
1573 42 43 38 76
1574 142 123 134 135
1575 127 124 121 118
1576 310 297 223 160
1577 140 122 120 135
1578 297 281 223 142
1579 124 121 118 110
1580 35 38 64 41
1581 41 39 72 64
1582 132 131 120 119
1583 131 120 119 112
1584 182 160 142 297
1585 36 40 64 75
1586 74 43 76 73
1587 76 74 73 84
1588 36 69 75 65
1589 69 75 65 79
1590 69 75 79 81
1591 64 36 75 65
1592 75 64 65 77
1593 124 130 121 110
1594 24 23 21 33
1595 142 135 121 123
1596 23 24 25 38
1597 139 123 121 116
1598 129 132 122 117
1599 120 119 112 99
1600 23 24 38 41
1601 42 71 74 76
1602 71 74 76 86
1603 74 76 86 84
1604 76 86 84 94
1605 67 38 73 64
1606 68 39 66 64
1607 65 37 70 64
1608 70 35 67 64
1609 66 40 69 75
1610 69 66 75 81
1611 41 72 71 64
1612 129 122 111 117
1613 75 79 81 87
1614 73 76 84 82
1615 65 75 77 79
1616 75 77 79 87
1617 120 131 128 112
1618 39 68 72 64
1619 122 132 120 117
1620 132 120 117 119
1621 120 117 119 108
1622 75 64 77 87
1623 38 43 73 76
1624 40 64 75 66
1625 125 123 114 122
1626 122 120 135 121
1627 121 118 110 109
1628 23 24 41 33
1629 126 122 125 113
1630 126 122 113 111
1631 128 135 120 121
1632 140 135 142 134
1633 160 223 142 297
1634 127 112 115 121
1635 115 127 121 118
1636 121 115 118 109
1637 125 114 113 122
1638 130 110 116 121
1639 112 127 128 121
1640 64 75 66 78
1641 120 122 117 109
1642 23 36 39 41
1643 36 39 41 64
1644 122 113 111 109
1645 72 83 71 76
1646 70 67 80 64
1647 68 66 78 64
1648 65 70 77 64
1649 72 68 83 64
1650 67 73 82 64
1651 71 83 85 76
1652 67 82 80 64
1653 66 81 78 75
1654 70 80 77 64
1655 68 78 83 64
1656 71 85 86 76
1657 85 86 76 97
1658 42 71 76 64
1659 123 116 114 109
1660 128 120 112 121
1661 76 84 82 87
1662 41 42 38 64
1663 122 111 117 109
1664 73 38 76 64
1665 112 115 121 109
1666 135 122 121 123
1667 76 73 64 82
1668 122 120 121 109
1669 71 72 76 64
1670 114 113 122 109
1671 38 76 64 42
1672 81 78 75 87
1673 83 85 76 87
1674 110 116 121 109
1675 80 77 64 87
1676 122 121 123 109
1677 75 64 87 78
1678 77 79 87 91
1679 115 118 109 106
1680 83 97 85 87
1681 78 81 92 87
1682 80 82 90 87
1683 83 78 96 87
1684 77 80 89 87
1685 81 79 88 87
1686 82 84 93 87
1687 88 79 91 87
1688 91 88 87 105
1689 93 84 94 87
1690 95 97 83 87
1691 89 80 90 87
1692 96 78 92 87
1693 92 96 87 98
1694 95 83 96 87
1695 91 77 89 87
1696 89 91 87 102
1697 94 86 97 76
1698 92 81 88 87
1699 88 92 87 98
1700 90 82 93 87
1701 118 110 109 103
1702 120 112 121 109
1703 82 80 64 87
1704 92 96 98 106
1705 123 121 116 109
1706 114 116 102 109
1707 112 99 115 109
1708 111 113 104 109
1709 113 114 100 109
1710 116 110 105 109
1711 117 111 107 109
1712 116 105 102 109
1713 117 107 108 109
1714 115 99 101 109
1715 99 101 109 98
1716 113 100 104 109
1717 118 106 103 109
1718 106 103 109 98
1719 106 103 98 92
1720 109 106 98 101
1721 109 106 101 115
1722 106 98 101 96
1723 103 109 98 105
1724 98 103 105 88
1725 103 109 105 110
1726 114 102 100 109
1727 119 108 99 120
1728 111 104 107 109
1729 90 89 87 100
1730 88 92 98 103
1731 123 114 122 109
1732 109 98 105 102
1733 98 105 102 87
1734 99 101 98 97
1735 96 95 87 98
1736 64 76 82 87
1737 96 95 98 101
1738 72 83 76 64
1739 93 90 87 98
1740 107 108 109 98
1741 120 112 109 99
1742 117 120 109 108
1743 102 100 109 98
1744 102 100 98 87
1745 83 78 87 64
1746 95 97 87 98
1747 109 99 98 108
1748 109 99 108 120
1749 94 93 87 98
1750 104 107 109 98
1751 100 104 109 98
1752 64 76 87 83
1753 87 88 98 105
1754 99 98 108 97
1755 95 97 98 101
1756 93 94 107 98
1757 94 97 108 98
1758 90 93 104 100
1759 102 105 91 87
1760 108 107 94 98
1761 100 102 89 87
1762 107 104 93 98
1763 84 76 94 87
1764 76 85 97 87
1765 100 104 98 93
1766 94 97 98 87
1767 94 97 87 76
1768 93 90 98 100
1769 90 87 98 100
EndElements

Dirichlet
3
4
11
12
13
14
15
16
17
18
19
20
21
22
23
24
25
26
27
30
32
33
34
35
36
37
39
40
41
42
43
44
45
46
47
48
50
51
53
55
56
58
59
60
61
62
63
EndDirichlet

Neumann
141
142
144
146
148
149
150
152
153
154
155
156
157
158
159
160
161
162
163
164
165
166
167
168
169
170
171
172
173
174
175
176
177
178
179
180
181
182
183
184
185
186
187
188
189
190
191
192
193
194
195
196
197
198
199
200
201
202
203
204
205
206
207
208
209
210
211
212
213
214
215
216
217
218
219
220
221
222
223
224
225
226
227
228
229
230
231
232
233
234
235
236
237
238
239
240
241
242
243
244
245
246
247
248
249
250
251
252
253
254
255
256
257
258
259
260
261
262
263
264
265
266
267
268
269
270
271
272
273
274
275
276
277
278
279
280
281
282
283
284
285
286
287
288
289
290
291
292
293
294
295
296
297
298
299
300
301
302
303
304
305
306
307
308
309
310
311
312
313
314
315
316
317
318
319
320
321
322
323
324
325
326
327
328
329
330
331
332
333
334
335
336
337
338
339
340
341
342
343
344
345
346
347
348
349
350
351
352
353
354
355
356
357
358
359
360
361
362
363
364
365
366
367
368
369
370
371
372
373
374
375
376
377
378
379
380
381
382
383
384
385
386
387
388
389
390
391
392
393
394
395
396
397
398
399
400
401
402
403
404
405
406
407
408
409
410
411
412
413
414
415
416
417
418
419
420
421
422
423
424
425
426
427
428
429
430
431
432
433
434
435
436
437
438
439
440
441
442
443
444
445
446
447
448
449
450
451
452
453
454
455
456
457
458
459
460
461
462
463
464
465
466
467
468
469
470
471
472
473
474
475
476
477
478
479
480
481
482
483
484
485
486
487
488
489
490
491
492
493
494
495
496
497
498
499
502
503
504
505
506
507
508
509
510
511
514
515
516
517
518
519
520
521
522
523
524
525
526
527
531
533
EndNeumann
